-1 -1 -1 -1 -1 -1 -1 -1 -1 -1 -1 -1 -1 
-1 01 02 03 04 05 -1 06 07 -1 08 09 -1
-1 10 -1 -1 11 -1 -1 -1 12 -1 -1 13 -1
-1 -1 -1 14 15 16 17 -1 18 19 -1 20 -1
-1 21 22 23 -1 -1 24 -1 -1 25 -1 26 -1
-1 -1 -1 27 -1 28 29 30 -1 31 32 33 -1
-1 34 -1 35 36 37 38 39 40 41 -1 42 -1
-1 43 -1 44 -1 45 46 47 -1 -1 -1 48 -1
-1 49 50 51 -1 -1 52 -1 -1 53 -1 -1 -1
-1 -1 -1 54 55 56 57 58 59 60 -1 61 -1
-1 62 -1 -1 63 -1 -1 -1 64 -1 -1 65 -1
-1 66 67 68 69 -1 70 71 72 73 74 75 -1
-1 -1 -1 -1 -1 -1 -1 -1 -1 -1 -1 -1 -1